$ANSIBLE_VAULT;1.1;AES256
61313237323738313230333332396236373436383439383966363133653333363266636232313862
3364333939656436656537343266613166316162323035660a636631383532386464313233666237
35393262393761313438636361333865363562363935313136376135366230346634653662623566
3738643030373565330a313261383034396538633361636130353763333535336436313432356365
36653030306263333165303634346630316335393861303336663139333263366465353132643763
34346431663666383633336264383831326534326664633033313137633935626533316334623134
30323735386130383833643234396562323431396162623261373265626262303132376633653637
39316262666662313834303661613933653938643061333362333166633863303939373862386437
32323532643961656439303966626263333039643233623236393636356564323239623962353631
32376630363637373463313564653432326364626664313430356537386666373734323333633865
63623231336266333161343130313530336163383034383039613265663236626366626137316166
36303237656430373535663533313433663436666139346464663234366464366531393466353065
39376431386531646436616461646266363265383932613138343338303563366133633463636433
64343533653263613664373662653336333264373861383932396332356139363261363161613932
32346335663334346464366266346335373363366633623663633230343432613338623530366537
63393939623132363535633637643335636335383239336135383435313139303133643663363263
61646431306164646138343264323338303836343334643266656431633237663938613761366634
62356463343233373131613433626134643739313639396235646332306636643765363532663230
36363039346234343138636539626434393466303134313633396662643732303362313135336135
31373333356561313762386338376334633062363834353262316136303361663465356137346662
30643164613563636539316564346330643936623838616337396233636661376536623135356139
34396561393966386263393234633130306564313936646436383963323935346566396232623333
36366539656564306661326631633266623030333037633431333733306234343039663435336631
62373039633861626533636239373562633066316635386262383736633139313936333137613836
37656339353437323062323931643930353039363134663032663633323661396135383562373366
31303061363636653430616466383963646436396531666535663132653537383963623936376665
64383662313965376636346137333936333263646630653766333331306536306165616663636361
61653935363863373462353636346335636334633564653431353932663931633931653964353131
62356162393266646534363035316666316661393532653034393538393536626333616431633135
65613862373666306432366437353635313030636662333033656535343730313966666230393638
65646238316238356266386234343439646465613864633136623438343035333062366438303232
61636132613935313632326432383065336165396264326462393261323461666334343063663131
35396239343066656530613766333861346264346536613733363436633761326137643163333632
35303134346661303437386239383062663632313837666433373561313461616632623866356638
34333763316130326133353332363736393434346665653361653763633066363735646535633230
65333632643166643934366661343231356337333563646165396365646330623130343938383565
37306531613430333735393832653362373862376535663430636330306632646263613132303764
37336164376434626237346330613564396130363931616439636230613231333165623839333162
39663737353934633433626437356232353237393037323933323238303437313037623263643138
63343132666432393566656130653036633466336337303031646636313538613133363163316237
64383637396234393132633531653464613566323838393930306164396466643366663163396132
35393237666466313137303131356538343834356131346333306361376561623032653731613064
62373863613432313033306138313130383230386530393834333631623166316633623237636138
32326132333633633361333334373134363132373163386135366636333830386533643566396566
35393430646634343737313736363933626338376633653331646631656134363931353061386430
65383062653966383137626138663439623131303331646562386132663934313337666663373963
38613137616137636230336630653565333162653064346532623364393961663266336366366633
63333833373538653164613538616337626562363563666436383732383939616534656231353733
34663735313761333634663363663235366333613462616561383033613464356265376132363731
61353835656135633731313461303733646532633434636132616261353434373335633236663162
36316536393631643431313238323362643731336566303765353235633235363532643862396431
34633535323465306339663865303933643533636162613635303632646637653761656632383735
36396265663564666237323431386436333731666561343336653036306134336566
