$ANSIBLE_VAULT;1.1;AES256
66356331363631313164383932663632633530393362306361326263396533343662343564386633
6365623366616434646234613662386236376539623138330a666565373439363431323962353831
35646564623463373264633937643865313533396432636231666565373537393363666536383663
6539353035306363630a363430316266666634386538326532353962383130633237303332323037
64393439623136663864383961306339363830613435653865313432373130313439663361323435
62333732336134366439633264366435653233303137343733373064626533323461633265643237
33306530663433376561343038393764346136636632313165646264343464656165613635613536
38616136353939643032363965363130373035646539323561613766633132646439376334646234
39633663373535373761613862623861663462393638643131613665633536306666396566343562
33623331373264376132373864646466383233323461326633393836303566303033613531643162
32363439643965346334333639303264383736623238343535643530363661333936386533313937
32373330343363323664333436373833303063363630633639666535623665356163663266386363
39623263306265336530376631373362383261626466656237636466363039353764633530373734
63396232643836373335663531643432353662336533633134626139653533633563636665346132
35633738666636396132303862306539333862393163343132383464623564386636363866613938
30313938613534623261343939396139626366353433386135373038646465356138306333343835
65306463396139363936613136616333323461356635366336363162656332383736633133313535
65356236346232323462316234306635343835313362383838323137386161393732636261623163
36663361653136636531366564616532313163666364326538643264633132376565343838333365
33653565303638653132326233643531636637353535363939326232653466333338363635653637
30666639363533333132613031323031363938393139373863333566393764623734626235326361
38343233353966646665623864616530346436336464343866613264323761306237333938366431
39626432373363636530383732343439333238616137323262626466363365346131656531343039
63363035343532303238616331633934396665383437326536333534396231376665323739326535
36646636663132333830313134653165636663393936313633316135353231633339373030343366
36383465343365626363633334653139326634373866333665663833356233366337396231653861
31303735633938643039366435323637653036303631323831343434626236343230626330616664
62323561366234643334336237386239636135626131336466613332316536353930396266623732
63366133336435323433616664353862323632646665636138303831353530323665663863303333
37663539616663323636326265363937303565343133613765333731326435383232356136353062
36396335396238613731393733376137613561326432343839633765656433333338346636663164
35383232383062326131306166353662643164336637373134373133643639303165646265653838
33626163353363376632343163336139383165356164346163386664306130363734316265623230
65366662616630396235346230346230326532623538376139363938353862396234303933613962
37373235373562383463323232323865306332303765653564613161326130616135656230663036
64393930333732303463386262366366366565616266393162663437326366653538373764656330
66653534623662643031346532666338303365363437386461363735623235333264393065346563
64346364383030343336636239373361343634333439366430633862396637363232336635306430
32646534356234386563383836313961313865386566386234623663386439353961633163313630
35663665663533653130343734363730373036333738393334643565616263313135333564646438
32386234633066303436623734376566356431613932306135343934623439313264666530633262
32653032303066393236323663663066313539653831643462363133656365346134306466363133
35366637633131366466333934336231653732316264323030646366643865613362633136326130
39666530366463343461663938366363643533663933386238613934393966663433356262313661
33363732343134393161306266323864303565663064393564383761336332646135373766663030
34633636343861393731623638643231633834303633356533643838386265313031396565616333
64323330353864393261373166646530653232336166383164386137633335306535333962323733
38356536333732373439373361306431633633313361316330666237636135313538343137396335
35303733396261636433633931613361663232343636393632633961353064626433356335373463
62396663613733303962366363363962663439666265343134653633646333306161643863653261
38396661373037666336653431626563653739633439656331356533333139336535646138343162
38623835623064643833633636656166303632666230313834656661323464636666363737616462
38323762626166313935643437636637373938643635613839376332323331656134396164373832
33316431336533356665303966336565326432323638346239393139383064666562383837646531
62383830376531373130326233626536393737316362343335633734316136333766336165373434
37346530353235376562373731623135616530383430636336393638313830643035653363623936
62326532643164323035353161393564313334353861643735303633656335633436393839373938
66646362346232306438636562363165356236313136623437656534386334343631386263626634
37343239636638656665316637333833643466396433613864316364616134633666376231333266
33326238636636663465313737306639633630616534626231366335353031306335386665323162
30396335633637646434386464353537666564666566333765323937306337306261363433393830
35303064626564656664363665366332643363613038653764306235316633376166346165653661
32323864633937313538643762313963313735643736333339616261343732393634353839313333
33323038363563633834323161613135386434613831386637663566666530373830636531356161
65306235653631383137316435343363633235306361313361653238653561343338326565663630
64613134306537666433373735643539346164363066653136653561323231353566323036656262
35363064636231343265363438343734623539343432356465306662356266646564316335313466
33626635636365333434653862643164363538376366383739386264336234653664663865323964
62613062373266633661626130376137646664313939316231353862623935393064386539326136
32643138333634613635383237356630336139646235396630393362363334623739356637343334
65376233323264656138356461363362396637383966303262626330613036353832316333633061
61303064363632613162363533343165313262386163383636316463336230626337303835376337
66383331386238323534373836636536373833626532393836346161663735653432386235353365
34353961316538306364303038613838333033383166366536313730636361373034616535616363
33393634646165373433396331373237663036633463646331656535613763663831346664613034
32653834646665613435363837383231613435303839376463333936366139623038356334633336
33303337306436323438363538336462393561306232613465393932623163383633623263373437
34616465333533613736666334663231353231326165633661366461633233613262623630643665
65353265663338306533336661333931343963613664386265326461616261303238623434363136
64373137643538393339373530656535636130316234643665346530303130653762633139376233
64356133386264326266633638633839316662653662653231623030383562636135393935666338
66623836626234393434646434333230386663633662376465653135386266346338306333363334
38303463343131666165643363356533653636303437313664343231613130653537366339646263
30306634643539653066356638346633316333633736623366666466373933306565303233396666
32373937313964393739366137623963393130363036356638323730656362636633346664356233
33373039363564333631626135343865386233353130633531643230323830363436656263653235
66396565313964623064656639646639316631346465623036616561373537356436336433313839
34383231633362373933386633343338643836383565613734366633613164666133326464363832
34636234663830383862656431343936363935656632313834613563323136323938393061303737
33623962306437343834343836336139333439376435663739653233393931636533623333386662
37376132303935653037666662353231643464343230646330376364626439336562613530316461
35363263306565626539393833373931343564306134666332653334636537613631363064336364
63366239343162643862353639653763303761396539323334356434383262373833633866303436
36623765653531343930653238643631346164613737646566393866396165396237306437353839
36343464613636373830323633336431636134313031653232313865336532326638326431363438
34326336353664303738333733353932396434616636346431616365613938383330303230643534
30386534306131353439326562633664396539636661316161353863383065333837326139333463
65306265656132323734643266326236323761653132356565636636346133373136376138333733
36656663333633383637636366323138643534303730396339316536646137393933386534343432
61383462333730663562643530306665626562326430363434376165643463343065653732643236
6365
