$ANSIBLE_VAULT;1.1;AES256
39616666386534316239316336333066376131306264326237616333303037363232663532383830
6230343232663362313436393036303866653036616164620a306662393636306464646537333335
34323762343939653965333034636661363330373330316639316436663563316335613264633138
3139313438346561350a376531306166363331336662626363306165393238383835333064616637
39346432363332303536356239636539313462316634646134356330383764353465386366376631
36373964343465646663363166626436646465386639393862346535306538356136343864346631
31663062373262356335623639646366636638353766366663383963366333303132323063366463
34613730313463646665376365333332376331636630383331313163373532636464623662646333
30653839363539613466333737333930323862623033373733613439623565643865353333653337
36363265613335616131323432323636326661373233656435663634353561656432386365653332
30336163396535326566643563313866393865396535303331353164663363386365636661666138
34656263356239613066393766353632356335396665653164306233363063366535323236363334
32663237313261366631353061323562353666653962343536613238633735653862353661633034
35666633323336386465613563373262383132353763633764646465363735383639303138363466
62303536346331356331333235396561383436666236633534336535333533646431623462393531
61356465313733623032313661656465383266623561613239326639313666373630346364366661
35643439373939306335626434383337653335356633613837633061633766353930653566626466
36313762373436626630383764356166383532386131346362373632663938666239373662393831
33363330616133343563363266343064646430373833383435653765366161633664393935313636
33343630336138313764623938393338656436376636346539386636663566323734626434393938
37633538353139623536356630656539326333383166623134343931653437313166323034316336
35313932346438353334353335363030353039613330316532353034613764383134396264333732
65663161353737396539346338396162316631313934393330646563653934333537353662663864
38363061616438313737336234666635356433316364326236383366333734366534666235316261
32323439333330323031396639376338333262326337373462636532623163363233303434633632
66643639323763393361393463393136653935656133363162623431313831643737313264613136
32353533396437666435636362353763333831323830323533623734353764316430663831323237
36643161636136393962666232383838353730386630626134306262333963363961363265616334
66356662346264663434313937386164613931356563393133633863353034663963343466373432
32373736653662633436373239346239323736303963336365376339653431663162643861363332
31373932363030396464656431376630623266663037333637353664383261336664663232326639
63633334363532616364396533633764613533323064623434316337333334663265353638663264
35633931313539333763356435343266343839613664316631623233333962343936373065303930
34363563353364663964323661643037653561653966306265636565303562303836656364643138
65643138393965383866343565616137386232633236336539626133653164326136333433343536
63363131376464346230393064616238393935323333626334383736653731653262656463313538
65353763363631366164303965383736666533336632333861373261366338666132636238316631
61653539373931353033363032323438316465663639653062663765313934306233373663316163
35626463393838323331363162343461666431616135633235653439616630326433343134373835
31363632616434383530653766663735653431366431653663343332303765666232333936363836
61623765323534623836623830393662636262373336383565626461313665343134373665613863
62363166363132356538373837643961353134383962336364313762626130633063653433343231
32633631623962623737353938646436393266393461653334613234343264646331643632663937
65626532393462393331643161646164393836346130363031623338636530656234333737376438
39353663353463636665373162623461343362663036666238346337313633636662643536303538
30353361366462333739636538366437623561623237393130393739646165343936623363336334
32396362666164393262616638313938653439646365303266386461346237653133393962643737
33373562653633653164633530663463636462383839376633316266656332356366383161393466
35303262363461663639653238363637636338363839303334333539326635326435333338353365
36343039646338353233353765623733356165353266633738663932313162666533336137336634
31336363323831356536326532353130613430633430303533643965333461353131323937643731
34656265636434353838366565306334643937323864386334626432656235646432333437303635
33663964633663666232626631313132353463653337313566313562373463636361623835633038
63663531633631633562303166623538663765616561343266626239316137656436663662336664
33666131363733396436323365653431376534306363353662633738376533613737616164306639
34653834643539396334656636643964636363343837646631666431346432353030343562646638
36363263393664386230383933663665383862363566356339303839666431633536383632326632
65636131616663633864626638353239313634333661663961386333336438343434333034616331
39346438646663343335623335663332613637333335646336376136373530323932656263323438
35623834396532633338633065313765663635643364316238303236343365656130346666626364
62383332303330343139656563613135646630366238343436343436376134353666633662646434
31366234396435633837636164373833646463363234396631636463353633306135666430616331
66343066363861373062386535653530623537316564306262346462363665303939623031373766
63373265366139323035633131616131383536383562346437633637336461666565346364386339
61353037386531366265653261383934376533313366653364653266366361323831623362373131
64613331333830313834356366343364613131363439323436636462383862663561656337323636
65373638663636363364336665333435616533333337363131363063343831373065393838333266
39363265316532343331346339623038643630646634613837373563663663653639376332626132
33313364356232383262323039633436336464656633373234323836303134333933383663396238
61303262616234316563383632656635323162316639303335366161326635646562373130363063
37613766633038626134633464363061653061383861353239356264613665333761643162623766
38343361383633316532633731386363376636623137343636306434363964373364393030366532
37376635336163643662366536336266643362323239613362643438333132323738313335373832
63366164393666653731626136646131393333626133356533623566623131643332306564393466
37333531323036316432653139643963316466316138346334653165383266353032303764623638
32376331313831353832643133333733303736633732613831306265336233393966626365363135
66626439616437366238623232346136363932653235386631646637653439313636653863613164
39656231373231363262663037346634396166303765343961353033616632356538353264393337
38633531366136323164613532613962393563316134383238313933386166353665623036303530
38346537333662323939396335316532303664613733653839623433363666626562393431373434
32346566643265373764313539623530373930393565613631333930376630623964313739343139
33656633316236393938303735393864356235396438376337336266666332353936323563376435
37396435343837336163623362663835343836313565306432613466313961616339653233363137
31343263343737613333376235613234643431333262653339626266636238656261626163353032
32303662613530363962633361373634643539303635643464336537623538323666646263333961
32663539626132353762636632313165633137363832656332313662653265623462633832633436
34343161376165366437643962646537396138313365323466613063306166633032653639343730
30333132653935646262346632623361323561363235363237653737623337656437643962626439
30666663353132613863353136383863643466353932343438653433323431393764323662613330
32616436336232353166616661623165653038613932393330326261363430356161386166313036
37333836373963663037326337333763343335336134303466613863663263366131376139336136
30303534633531303363383736383764353234346230373864643163333131373634623365333633
31373363626331373862643265616537613337313261663435613866396663306233613662306461
38323265626562623566386238366332306236316138346432613835306634376564326263623132
30666364383865353539626637643634636530373265373665393432616239306563303936623239
38656137363661656439353063386137633063356635646664356331326135656161323937353661
35643561616365316138306539306264366563326439313062386565653739386263386535323031
63333562613437303765316236663032313032646535633737363062306430336264636364313131
39323036303136363361343731363235326130656536626436326234666232646230613766306630
30353264663335303538313435333934373662326264663135366466663534623661626561643465
3339
